172
2 156 231 
2 443 240 
2 463 258 
2 20 311 
2 451 360 
2 288 385 
2 430 455 
2 15 8 
2 147 3 
2 484 23 
2 113 65 
2 120 91 
2 0 121 
2 166 105 
2 261 31 
2 108 159 
2 329 139 
2 221 89 
2 60 163 
2 72 218 
2 434 203 
2 181 192 
2 273 230 
2 498 180 
2 396 278 
2 409 268 
2 13 294 
2 486 345 
2 351 362 
2 193 388 
2 242 392 
2 337 407 
2 208 422 
2 328 400 
2 298 449 
2 324 467 
2 154 16 
2 371 25 
2 256 32 
2 17 44 
2 48 54 
2 299 69 
2 213 81 
2 301 79 
3 46 76 95 
2 11 106 
2 439 109 
2 212 124 
3 427 40 116 
3 438 59 114 
2 315 144 
2 170 136 
3 397 444 153 
3 375 27 198 
3 101 174 204 
2 414 254 
3 186 244 247 
3 151 164 274 
2 330 295 
3 129 233 285 
2 14 359 
3 431 474 363 
3 217 282 377 
3 267 332 395 
2 454 468 
3 372 379 460 
2 12 4 
3 307 341 30 
2 352 43 
2 482 57 
3 432 39 51 
3 411 450 67 
2 47 77 
3 494 85 88 
3 62 74 83 
2 300 110 
3 96 126 130 
3 102 122 135 
3 133 143 146 
3 140 169 173 
3 157 183 191 
3 167 178 206 
3 202 216 222 
3 211 228 239 
3 224 232 248 
3 243 257 270 
3 253 262 287 
3 275 296 303 
3 291 312 314 
3 308 321 327 
3 317 340 343 
3 335 354 357 
3 346 374 381 
3 368 389 398 
3 383 408 426 
3 404 415 440 
3 417 435 464 
3 457 470 476 
3 466 480 483 
3 478 489 493 
3 462 18 225 
3 38 177 336 
3 111 219 403 
3 7 55 50 
3 64 277 66 
3 322 29 104 
3 182 19 92 
4 210 473 78 112 
4 367 283 447 472 
3 189 263 160 
3 358 6 148 
4 249 353 384 185 
4 448 90 41 245 
4 405 132 226 259 
3 319 433 365 
4 350 320 347 401 
4 394 119 200 378 
2 28 2 
2 93 49 
2 190 37 
2 197 58 
2 286 68 
2 369 82 
2 423 87 
3 487 196 98 
3 35 118 134 
3 333 127 150 
3 441 142 176 
3 165 22 168 
3 1 424 184 
3 279 437 205 
3 141 475 215 
4 264 61 201 223 
4 280 289 325 461 
4 187 117 149 229 
4 446 260 272 290 
4 241 250 309 316 
4 297 338 344 355 
4 323 382 393 406 
4 370 428 456 465 
4 416 479 485 491 
4 292 387 71 188 
4 471 420 26 45 
4 97 100 115 138 
4 326 235 70 207 
4 306 236 172 284 
4 86 5 302 251 
4 492 175 339 425 
4 158 445 123 373 
4 410 52 364 490 
4 234 376 10 42 
4 429 459 63 103 
4 399 84 145 171 
4 131 220 238 255 
4 194 305 318 342 
4 281 386 413 436 
4 366 481 496 252 
4 469 334 155 199 
4 21 99 214 348 
4 266 356 499 497 
4 452 412 107 152 
4 56 304 390 9 
4 237 125 161 209 
4 75 293 331 380 
4 246 477 33 271 
4 418 73 310 276 
4 24 80 195 361 
4 442 137 227 313 
4 53 488 421 34 
4 402 36 269 94 
4 162 458 495 391 
4 265 349 419 179 
