1628
2 287 643 
2 865 3893 
2 2227 5192 
2 3353 6425 
2 3178 7216 
2 4392 5725 
2 6897 7640 
2 7878 9152 
2 8502 9225 
2 8298 1574 
2 819 1227 
2 108 1841 
2 1971 3006 
2 2418 4468 
2 4226 5182 
2 4789 5550 
2 5254 6213 
2 6513 7019 
2 7298 9100 
2 5663 9710 
2 7795 1809 
2 9406 733 
2 8645 867 
2 186 4508 
2 3438 3798 
2 2239 5658 
2 5534 6629 
2 4634 5952 
2 2841 8310 
2 6814 7948 
2 5825 9553 
2 9870 347 
2 8941 800 
2 9232 1615 
2 378 1479 
2 2318 2689 
2 1700 3812 
2 2435 3209 
2 4791 6484 
2 5573 9158 
2 7091 7556 
2 5771 9590 
2 719 1685 
2 189 1099 
2 3917 4726 
2 9570 6253 
2 4403 7434 
2 7333 8309 
2 4986 7799 
2 9346 9862 
2 8771 441 
2 1196 1494 
2 1909 2470 
2 349 4709 
2 958 5316 
2 2012 5183 
2 3213 6692 
2 6917 7541 
2 7140 7946 
2 7758 8493 
2 8086 203 
2 9819 831 
2 361 1284 
2 1119 1993 
2 1188 1799 
2 2382 3784 
2 3860 4996 
2 6279 8282 
2 2878 9323 
2 6457 8686 
2 5343 388 
2 4 509 
2 782 1335 
2 2035 2483 
2 1732 3247 
2 1105 5694 
2 7507 7807 
2 4621 6843 
2 8406 200 
2 8726 9372 
2 922 1074 
2 258 2579 
2 2324 4254 
2 1133 3394 
2 4344 4950 
2 4633 4675 
2 6085 6407 
2 8410 8985 
2 5699 318 
2 8955 9663 
2 662 1553 
2 7307 2373 
2 2405 2942 
2 3386 3639 
2 983 4979 
2 2086 6500 
2 5844 7791 
2 6983 8523 
2 4107 9701 
2 5121 339 
2 747 897 
2 9604 702 
2 9742 1048 
2 1255 1926 
2 1721 2090 
2 2040 2667 
2 2276 2851 
2 2714 2984 
2 2965 3236 
2 3190 3713 
2 3462 4303 
2 4068 4597 
2 4348 4927 
2 4745 5695 
2 5344 6013 
2 5871 6204 
2 6091 6667 
2 6322 7070 
2 6877 7538 
2 7242 7762 
2 7630 8385 
2 8184 8769 
2 8627 9058 
2 8973 9472 
2 9288 9897 
2 9827 491 
2 794 2410 
2 3199 3827 
2 173 5177 
2 4425 6158 
2 2676 8164 
2 6434 8491 
2 9162 9533 
2 8731 9717 
2 7322 1992 
2 9632 3756 
2 621 2883 
2 1534 3866 
2 4273 5266 
2 4810 6647 
2 6254 7627 
2 5885 8136 
2 7820 148 
2 9773 984 
2 8872 1329 
2 821 1063 
2 1439 2934 
2 1705 1969 
2 3267 5073 
2 3799 5957 
2 4323 5399 
2 4651 7069 
2 7832 9282 
2 7636 508 
2 9977 1610 
2 437 652 
2 312 2803 
2 2166 3144 
2 2427 2884 
2 3620 4807 
2 4103 4356 
2 5167 5361 
2 4237 5883 
2 3466 6480 
2 5840 7033 
2 7165 7393 
2 6174 7938 
2 7264 8879 
2 7547 9963 
2 8728 9327 
2 194 2330 
2 1305 3636 
2 2500 4822 
2 4372 6675 
2 5340 6077 
2 5508 6901 
2 7172 8395 
2 7588 7915 
2 8535 8780 
2 8770 184 
2 9787 111 
2 9070 2170 
2 209 3530 
2 596 4732 
2 2556 3082 
2 3984 4891 
2 7059 7639 
2 6187 8877 
2 8117 9415 
2 8311 2520 
2 478 1728 
2 729 4175 
2 5107 5557 
2 3189 4376 
2 6141 7578 
2 7098 8038 
2 8224 8405 
2 7883 9421 
2 9218 230 
2 8961 1517 
2 9931 2808 
2 908 2512 
2 1972 2974 
2 3716 4724 
2 3727 5906 
2 5696 6614 
2 5993 6308 
2 7075 8135 
2 7741 781 
2 8272 9556 
2 1496 3685 
2 2039 4899 
2 4470 6559 
2 5504 6937 
2 6720 7483 
2 7077 8462 
2 7847 61 
2 9031 311 
2 8009 833 
2 1749 2110 
2 507 2602 
2 1226 2272 
2 3635 4845 
2 5304 5617 
2 4098 6545 
2 6428 8045 
2 5870 7864 
2 7017 8220 
2 8698 8880 
2 8542 125 
2 1089 1314 
2 9736 981 
2 1456 1855 
2 1730 2491 
2 2302 2844 
2 2679 3093 
2 2869 3556 
2 3388 3711 
2 3627 4166 
2 3979 4471 
2 4364 4905 
2 4654 5374 
2 5230 5654 
2 5565 6061 
2 5735 6422 
2 6194 6802 
2 6758 7784 
2 7722 8301 
2 7837 8843 
2 8622 9279 
2 9109 9452 
2 9422 9758 
2 9541 428 
2 9997 1006 
2 795 1513 
2 1326 1804 
2 1696 2657 
2 1984 3108 
2 2298 3053 
2 3690 4588 
2 4427 5158 
2 4980 5382 
2 4913 6971 
2 5262 7550 
2 5938 7404 
2 7248 9301 
2 8635 9457 
2 8494 903 
2 538 1703 
2 9686 1166 
2 2252 4262 
2 5008 5754 
2 3469 6539 
2 7030 7367 
2 6075 7139 
2 6998 7711 
2 7833 8473 
2 8924 9296 
2 8190 1275 
2 9910 2310 
2 1762 2673 
2 2393 3361 
2 3205 4770 
2 5585 5910 
2 6098 6617 
2 3846 7584 
2 8592 9823 
2 6257 1191 
2 7453 668 
2 603 3416 
2 2138 4060 
2 3154 4019 
2 3854 4453 
2 4830 4923 
2 4851 5900 
2 5281 6533 
2 6848 7102 
2 6393 7688 
2 7281 25 
2 9577 452 
2 275 921 
2 9044 2385 
2 1878 2664 
2 2928 3591 
2 1612 3994 
2 3803 4571 
2 3169 5640 
2 6643 7000 
2 5100 6222 
2 7985 8085 
2 7574 9311 
2 27 238 
2 9189 9861 
2 468 746 
2 582 1775 
2 972 2662 
2 2280 3619 
2 3454 6185 
2 4009 5828 
2 3719 6031 
2 5538 6862 
2 6404 7890 
2 6509 7782 
2 6290 8554 
2 9204 9270 
2 9101 9972 
2 8231 412 
2 1667 1873 
2 1134 2525 
2 3754 4525 
2 3156 5635 
2 5386 6772 
2 6283 6491 
2 7011 9933 
2 7488 573 
2 8118 379 
2 8034 1725 
2 1237 2758 
2 9720 4034 
2 2010 4174 
2 3645 4581 
2 4520 5697 
2 4987 5227 
2 5859 7222 
2 6163 8757 
2 8318 154 
2 8508 9336 
2 533 1290 
2 911 1915 
2 1401 2733 
2 2431 3546 
2 3201 4062 
2 3643 5049 
2 4976 5406 
2 5153 6631 
2 5527 5619 
2 7042 7921 
2 7822 9929 
2 9164 9638 
2 575 883 
2 93 2807 
2 2083 2279 
2 1148 3088 
2 3301 4426 
2 3752 4832 
2 3992 4483 
2 4973 5338 
2 5280 5912 
2 5682 6686 
2 6485 7783 
2 7573 8862 
2 2589 344 
2 8420 506 
2 8785 1169 
2 9560 1455 
2 779 1428 
2 1844 2735 
2 2366 3148 
2 3032 3699 
2 6255 4015 
2 3430 4152 
2 3957 4051 
2 4199 4396 
2 4342 4941 
2 4872 5650 
2 5050 6241 
2 5984 7053 
2 6872 7456 
2 7317 8483 
2 8279 8892 
2 8782 9509 
2 9053 537 
2 9940 1399 
2 1065 1954 
2 1551 2770 
2 2202 3329 
2 2988 3662 
2 3602 4517 
2 4231 4769 
2 5162 6508 
2 4752 6776 
2 6554 8304 
2 5700 9171 
2 9712 273 
2 9319 546 
2 8816 1298 
2 2104 2603 
2 1002 1540 
2 3074 4379 
2 3796 5819 
2 5444 7217 
2 5766 6079 
2 7652 8203 
2 7844 8275 
2 7717 8761 
2 8545 8992 
2 9097 9399 
2 9281 9608 
2 1162 1920 
2 2423 2823 
2 814 3586 
2 4754 4954 
2 4505 5333 
2 2963 6493 
2 6704 7099 
2 5453 8747 
2 6606 7467 
2 8988 9592 
2 9248 598 
2 9812 826 
2 660 1405 
2 1854 2128 
2 1558 3671 
2 3804 4457 
2 3987 5141 
2 3256 6000 
2 6054 6343 
2 6212 7342 
2 4641 8359 
2 6618 7668 
2 7179 9060 
2 8604 9386 
2 1198 2839 
2 9500 3057 
2 677 1581 
2 3041 3220 
2 4050 4666 
2 5120 5299 
2 4464 5915 
2 6788 7270 
2 6284 8474 
2 5231 9536 
2 5811 9050 
2 9981 1808 
2 8951 2597 
2 1478 2522 
2 3027 3916 
2 3492 5133 
2 4269 6065 
2 5238 5742 
2 6474 7279 
2 6797 7061 
2 7626 8415 
2 8228 9020 
2 8624 9345 
2 9890 9487 
2 9051 686 
2 51 1020 
2 9434 2504 
2 2424 3110 
2 1575 4184 
2 3467 6143 
2 4739 5419 
2 6441 6868 
2 6730 8147 
2 8429 8628 
2 7745 9145 
2 8855 6735 
2 837 1059 
2 881 1412 
2 1580 2436 
2 2116 2200 
2 1658 2890 
2 3210 3495 
2 3242 4247 
2 3813 6006 
2 5807 6562 
2 6055 7660 
2 6751 8819 
2 8128 9312 
2 8559 9240 
2 9682 895 
2 323 1635 
2 1541 2740 
2 2821 3373 
2 2543 4701 
2 5150 5469 
2 3502 4819 
2 5816 6905 
2 6402 7433 
3 7058 7772 8419 
3 7334 7732 8881 
3 7900 8463 9623 
3 9706 523 653 
3 9175 181 3030 
2 4386 4616 
3 1547 3785 4737 
3 1297 3577 6230 
2 998 7623 
3 6354 7988 8836 
2 7710 223 
2 2584 1185 
3 1802 5607 989 
3 8248 8596 1310 
3 9478 1448 1901 
3 1676 3094 3116 
3 2767 3287 3459 
3 3215 3868 3970 
3 3815 4180 4755 
3 4086 5092 5486 
3 4864 6066 6523 
3 5560 7107 7358 
3 6909 7477 8024 
3 7378 8255 8764 
3 8157 9112 9351 
3 9012 9640 9808 
3 9455 9979 2395 
3 9916 175 1846 
3 12 759 2611 
3 1000 1973 3117 
3 2168 4373 5055 
3 2866 3419 5678 
3 5596 6919 7654 
3 6749 7211 7258 
3 7827 8615 9190 
3 8039 9990 627 
3 9506 2325 2587 
3 169 988 2218 
3 2993 3663 3928 
3 2782 4153 4648 
3 4077 4896 5169 
3 4797 6269 6416 
3 5286 8053 9881 
3 5889 6621 7527 
3 7007 411 531 
3 2 776 974 
3 2175 2517 3086 
3 1693 4160 4710 
3 4885 6166 6542 
3 4014 6154 6948 
3 7923 1306 7492 
3 5259 7081 7808 
3 6708 8396 9255 
3 7040 9023 9854 
3 6312 3091 326 
3 8356 9815 1278 
3 215 1075 2049 
3 517 3150 3479 
3 2948 3409 8662 
3 4609 7405 8257 
3 5569 7131 9027 
3 5515 3700 1857 
3 6186 9120 1207 
3 9964 1095 3279 
3 2013 2142 2882 
3 3488 4575 5030 
3 4258 5428 5757 
3 5272 6179 6344 
3 6632 2526 7394 
3 5978 6947 7246 
3 6763 6969 7111 
3 8303 8890 9438 
3 8703 191 314 
3 9814 1395 2518 
3 939 2959 3497 
3 7262 5698 4938 
3 3138 5376 5884 
3 3898 6358 7719 
3 6082 8312 8805 
3 8131 9081 9226 
3 8891 9646 9673 
3 9484 542 1216 
3 8452 1358 2681 
3 1813 1929 2426 
3 2916 3165 3202 
3 2847 3084 4676 
3 3637 5786 6808 
3 5080 6745 8154 
3 6453 7072 7949 
3 8944 202 641 
3 9693 485 1258 
3 1102 1153 1525 
3 2122 2607 3118 
3 398 6876 7528 
3 1706 5215 7327 
3 7796 6968 8600 
3 4614 6024 6830 
3 8549 9099 9448 
3 820 4287 690 
3 8744 228 498 
3 9004 3450 1838 
3 798 870 1470 
3 1107 2492 3164 
3 2126 2653 3095 
3 2931 3350 3977 
3 1248 5417 5576 
3 3487 4625 4741 
3 604 1477 6470 
3 4445 5837 6209 
3 5717 6094 7154 
3 6633 7655 7958 
3 7064 964 9360 
3 7392 9886 418 
3 5886 486 577 
3 8569 9505 1348 
3 829 1989 3395 
3 1465 2663 4272 
3 2540 3157 3472 
3 4377 5493 5968 
3 6108 6871 7156 
3 4443 6445 7585 
3 8733 7977 9087 
3 8437 116 266 
3 8265 9625 9800 
3 9529 5595 528 
3 7174 8087 927 
3 9465 470 680 
3 1104 1274 1457 
3 1123 1757 1893 
3 1748 2132 2640 
3 1940 2871 3435 
3 2778 3751 3876 
3 3572 4310 4580 
3 4130 4759 5069 
3 4686 5684 5878 
3 5403 6086 6190 
3 5971 6303 6461 
3 6251 7203 7396 
3 6855 8226 8300 
3 7738 8574 8649 
3 8445 9132 9334 
3 8974 9537 9782 
3 9445 9967 6839 
3 1039 1555 1832 
3 9817 4318 2700 
3 5744 544 3434 
3 2433 2933 3644 
3 1864 3158 3529 
3 4271 4466 4828 
3 1524 114 5892 
3 4422 5364 5479 
3 5275 6634 7840 
3 6009 6881 7364 
3 8503 9084 9794 
3 8595 8763 9547 
3 4100 7162 671 
3 9905 536 1289 
3 815 2229 2658 
3 1829 2365 3051 
3 2955 4122 4712 
3 3296 3823 5568 
3 3904 4738 5928 
3 5423 6535 6930 
3 5792 5964 7887 
3 8479 5088 8676 
3 7360 7651 9030 
3 8170 9934 260 
3 9316 777 1320 
3 1287 1016 1890 
3 391 1447 1647 
3 1585 2348 3243 
3 2176 2978 3440 
3 3363 5009 5680 
3 3626 2756 6285 
3 3780 5222 7001 
3 6033 6224 7637 
3 7474 8495 8557 
3 8278 9469 9772 
3 8883 9082 904 
3 1582 2651 3018 
3 9620 1066 3797 
3 3734 3897 4309 
3 3187 4025 5384 
3 5003 5969 7383 
3 1396 6183 7842 
3 5734 6986 7690 
3 7401 8748 8882 
3 5427 3251 9804 
3 4004 5298 646 
3 8469 91 1550 
3 4863 587 1145 
3 6476 4416 2614 
3 1999 3901 4191 
3 7792 2100 4962 
3 2703 4610 4740 
3 9155 847 5940 
3 973 3328 5674 
3 3494 4512 6305 
3 2222 2301 6496 
3 3135 5296 8660 
3 5543 6438 6815 
3 5063 7345 7897 
3 2155 7611 9628 
3 8739 8831 555 
3 9733 928 1176 
3 7168 1435 1608 
3 650 1337 1970 
3 2843 3988 5057 
3 3667 4198 5542 
3 44 2660 6518 
3 2140 4300 6866 
3 5690 6767 7377 
3 7241 8230 8928 
3 7854 9764 9765 
3 3505 2476 2885 
3 3295 1578 3400 
3 8284 158 4109 
3 374 1852 3936 
3 8004 3026 5309 
3 2299 2734 6272 
3 4895 5677 6150 
3 2752 4547 6875 
3 2932 572 7476 
3 5603 7185 8424 
3 6427 7894 9178 
3 1385 4423 9641 
3 9291 3273 196 
3 6652 8867 64 
3 9303 9883 570 
3 492 1473 1745 
3 7100 2088 3693 
3 2345 3331 3763 
3 8591 4583 4868 
3 9813 2018 5685 
3 4080 4239 5267 
3 3420 1303 5388 
3 3048 4195 6840 
3 6073 6661 7670 
3 7339 8227 8458 
3 8100 8368 9258 
3 5918 9645 1022 
3 9045 4147 216 
3 9960 666 1530 
3 5090 1345 3054 
3 5251 2204 2620 
3 8384 2306 3179 
3 2935 3890 4313 
3 1677 1872 5545 
3 1243 3624 4645 
3 1081 1068 5123 
3 3349 5798 6274 
3 5001 6536 7571 
3 5726 7112 8158 
3 6940 8319 9237 
3 7932 8945 9950 
3 3825 8223 248 
3 8254 9339 761 
3 3942 519 632 
3 683 3270 3684 
3 1076 4065 4243 
3 7525 2720 5755 
3 4473 943 5554 
3 2680 5293 5395 
3 864 1803 5642 
3 1388 1858 8536 
3 9888 2801 7031 
3 4764 6707 6918 
3 4106 1410 8366 
3 6527 8979 9309 
3 8320 4944 99 
3 8906 9786 9969 
3 5211 2044 743 
3 9591 1463 1493 
3 440 1245 1828 
3 1792 2519 2638 
3 2455 3377 3387 
3 3081 3603 3742 
3 3535 4114 4541 
3 4008 4743 4998 
3 4589 5440 5618 
3 5221 6043 6236 
3 5857 6878 7035 
3 6503 7348 7597 
3 7182 8029 8121 
3 7811 8959 9228 
3 8666 9898 936 
3 9704 3149 942 
3 7369 222 2876 
3 8777 629 3837 
3 2968 1054 5247 
3 3484 4697 5458 
3 962 3612 4409 
3 7863 4053 5789 
3 4257 5499 5668 
3 7819 5079 7002 
3 7939 3314 7293 
3 2819 1982 7771 
3 6817 8497 9136 
3 8814 6950 9700 
3 6277 7429 8760 
3 9427 9970 684 
3 8837 140 856 
3 110 950 2688 
3 3176 2269 2473 
3 281 1741 2829 
3 7290 1506 4123 
3 6240 3326 4022 
3 2728 5436 6105 
3 4834 5179 5876 
3 3457 1218 6825 
3 371 1109 7389 
3 63 1324 7200 
3 4808 8505 8827 
3 9267 7657 9348 
3 4317 8237 9257 
3 6683 7873 9951 
3 9384 9798 7198 
3 4916 637 1338 
3 3656 352 1628 
3 714 1055 2860 
3 2064 3358 4458 
3 3678 1539 4216 
3 5602 3068 5454 
3 9894 1219 5360 
3 7259 4795 6019 
3 839 284 5201 
3 2523 5036 5521 
3 3765 2291 8195 
3 7945 6406 7853 
3 6982 8436 8817 
3 6684 7122 8647 
3 2548 9462 237 
3 9206 9965 107 
3 8963 1115 1758 
3 1004 1005 2411 
3 4405 1402 3408 
3 2124 1267 2925 
3 7937 503 4408 
3 9986 4963 5367 
3 4579 4113 6345 
3 2070 3953 5967 
3 3795 3741 7498 
3 384 6888 7739 
3 1734 2171 7645 
3 7104 262 7928 
3 3647 6507 8274 
3 7227 7787 8023 
3 3481 5256 7866 
3 9153 9211 9355 
3 8391 8598 4430 
3 9912 7135 606 
3 5101 1263 1860 
3 1707 1042 2249 
3 5773 966 2690 
3 443 2850 3354 
3 1214 1967 3867 
3 336 2131 4142 
3 4957 4530 4782 
3 7201 2327 4341 
3 1341 3528 4936 
3 4917 5874 6504 
3 2922 6723 7341 
3 8063 5432 7263 
3 7409 4110 8848 
3 49 5180 9513 
3 7961 9018 9792 
3 5653 8122 832 
3 9307 8547 1070 
3 6702 9090 2262 
3 4964 5303 4121 
3 4509 3009 4531 
3 818 2678 4370 
3 1830 7893 4852 
3 4983 3552 5138 
3 7313 3204 5688 
3 8612 1626 5339 
3 7757 3668 4735 
3 4874 3374 6368 
3 5772 7737 7967 
3 5295 3925 9677 
3 2727 7370 9207 
3 6771 8788 8608 
3 2228 6025 277 
3 3940 1083 1459 
3 2964 979 1386 
3 5713 1103 2275 
3 9305 2084 3159 
3 3309 1794 3856 
3 1353 2976 5242 
3 5310 5196 5842 
3 4240 4353 4674 
3 4406 4037 5914 
3 6252 2630 6706 
3 7136 3666 6044 
3 1851 4844 7539 
3 8322 5956 7164 
3 3566 8078 8657 
3 7543 3995 9039 
3 6550 7891 9352 
3 1988 9160 9867 
3 6935 8899 187 
3 9866 8351 254 
3 4940 1633 2021 
3 1955 785 2468 
3 9129 2225 2794 
3 7 704 2704 
3 9563 5219 3458 
3 7145 612 4433 
3 4185 3634 4816 
3 4141 3971 4540 
3 8116 2857 5091 
3 594 5053 6135 
3 47 6610 6836 
3 1450 5289 7568 
3 2259 5580 7254 
3 3114 6979 7681 
3 8465 7295 8526 
3 9552 8942 9054 
3 7591 7979 8181 
3 4637 6249 8719 
3 9174 9728 3142 
3 9 382 469 
3 9781 4655 1655 
3 1094 762 2208 
3 7231 1078 1981 
3 9539 2530 3171 
3 5873 2792 2864 
3 5652 578 3622 
3 4074 3835 4277 
3 9525 2631 3315 
3 3686 2397 5768 
3 5494 3660 3774 
3 532 5412 5660 
3 9263 4888 6100 
3 2481 5799 6975 
3 1050 6423 6755 
3 6062 6641 7462 
3 4657 6548 8708 
3 8553 7635 8669 
3 8283 8829 9104 
3 4847 9403 9803 
3 8007 9485 9643 
3 9253 4475 295 
3 6957 1 775 
3 7447 455 1698 
3 9532 1163 1905 
3 1946 141 810 
3 8387 2443 2763 
3 3357 3532 4608 
3 2293 4138 4270 
3 62 2194 4548 
3 4374 3943 5802 
3 8332 4901 6045 
3 7032 561 3234 
3 7648 1974 7143 
3 8010 6191 7576 
3 7196 6501 9349 
3 859 8124 8566 
3 3196 5420 9596 
3 9946 15 155 
3 6547 9501 9826 
3 2045 8371 9982 
3 1418 932 1251 
3 2726 655 1398 
3 5777 8130 1360 
3 539 1500 2111 
3 1719 2588 2643 
3 2369 2991 3406 
3 2853 3550 3766 
3 3461 4241 4601 
3 3831 5477 5590 
3 5186 6159 6418 
3 5629 6722 7021 
3 6475 7448 7589 
3 7133 8096 8192 
3 7941 8825 8914 
3 8514 9287 9353 
3 9125 9923 2060 
3 9388 5904 331 
3 3337 1327 1592 
3 7725 2617 2818 
3 8767 1052 2409 
3 2340 1143 3007 
3 1568 3249 3562 
3 9106 3192 3403 
3 3689 1605 5582 
3 5172 4924 5847 
3 4912 4219 5996 
3 2544 1966 6131 
3 4490 4010 6324 
3 2642 5746 6056 
3 3672 3045 6764 
3 8644 5715 6929 
3 9966 6521 7478 
3 3757 6348 6869 
3 9747 9627 9750 
3 2085 7124 9115 
3 120 7709 105 
3 9576 436 476 
3 3648 772 1672 
3 8626 1373 2646 
3 3781 2255 2361 
3 6913 1815 2846 
3 6038 8270 3298 
3 8601 3224 4294 
3 7494 3614 4931 
3 2828 892 3448 
3 4139 4446 5142 
3 774 5739 6442 
3 6571 5349 6781 
3 5931 5465 6250 
3 7148 6561 7240 
3 1763 6934 7414 
3 7464 6886 9432 
3 3889 9195 9893 
3 8397 8013 19 
3 3593 9687 43 
3 7814 327 1349 
3 2870 438 996 
3 9542 8582 1925 
3 4244 8151 1903 
3 676 7016 2355 
3 3475 1572 2146 
3 3112 2748 3003 
3 9302 2826 3269 
3 6537 3703 3934 
3 2308 4315 4484 
3 9713 3489 4835 
3 18 2915 5648 
3 9151 3122 5810 
3 4959 5315 6027 
3 9559 4955 6145 
3 2814 5764 5868 
3 6927 6646 6966 
3 8187 4424 6819 
3 5081 11 7390 
3 2036 8194 8313 
3 8233 7147 7780 
3 8267 6462 8720 
3 5366 9834 9913 
3 3840 9273 261 
3 3451 367 1414 
3 8115 8390 1689 
4 8259 975 1537 2188 
4 5609 8902 1738 2133 
4 6171 2257 3739 3833 
4 8506 3771 4056 4192 
4 7445 2856 4326 5037 
4 446 2056 5290 5646 
4 2123 5002 5145 7420 
4 5845 6268 6482 8245 
4 1160 2319 6865 7885 
4 8616 2774 5421 9025 
4 9320 8558 265 749 
4 8079 8912 1003 1543 
4 1839 9285 9508 14 
4 2160 9889 1354 2408 
4 3526 1607 1773 3063 
4 5540 2236 3410 3938 
4 245 2650 3303 4683 
4 2313 5078 5261 5934 
4 1136 3738 4612 6525 
4 4837 7076 7301 8082 
4 8101 6572 6910 8459 
4 2023 6020 8755 9805 
4 333 7996 9416 377 
4 8167 5561 8360 122 
4 6123 4134 824 1304 
4 1509 748 2477 3207 
4 5359 617 3937 3996 
4 7944 1268 3575 3786 
4 2985 2354 4915 5195 
4 4284 4677 5787 6011 
4 5324 3510 5110 5450 
4 8509 7209 6070 6603 
4 687 4563 6173 6455 
4 4551 4105 7225 8076 
4 7385 7256 9435 9562 
4 8036 8471 8668 232 
4 9374 7566 9652 564 
4 4902 9504 324 744 
4 2282 8948 9847 1604 
4 6580 1389 2233 3365 
4 7008 1128 3976 4281 
4 3106 4415 3851 4343 
4 1767 890 1692 5115 
4 4498 2917 4140 5431 
4 6842 4539 4945 5285 
4 8367 6609 6992 7997 
4 7466 5637 6928 7798 
4 3899 6653 8433 8611 
4 1231 7621 8330 9293 
4 65 6372 9503 9875 
4 3618 3379 7128 585 
4 2674 8306 75 1026 
4 3253 5970 742 1919 
4 9340 8852 1264 1545 
4 5665 9440 2449 2528 
4 8348 9936 2195 3345 
4 177 5518 2312 3964 
4 4690 3605 3737 4404 
4 6985 4203 4809 5093 
4 7026 2979 4643 5923 
4 9283 3452 6789 6977 
4 7700 8501 6089 8111 
4 2994 6689 8294 8699 
4 5622 1820 7495 9184 
4 3083 8091 8982 9928 
4 8026 5712 7698 869 
4 9942 8132 8510 2139 
4 4965 6313 9520 1498 
4 1996 557 1229 2416 
4 8563 1508 42 3069 
4 7920 6769 1431 3538 
4 6582 4617 2624 3606 
4 2941 4474 3184 3910 
4 780 924 4289 4682 
4 7050 7155 851 5152 
4 8697 4542 4817 5455 
4 9691 5028 5249 5797 
4 1817 4096 5638 6665 
4 2619 6826 7303 7718 
4 8253 3702 8030 8583 
4 8834 9629 7604 8856 
4 2364 6691 8106 8700 
4 745 6198 6355 8809 
4 1372 7910 8901 8939 
4 522 5074 9516 9615 
4 3485 9177 9304 80 
4 4951 7443 9079 891 
4 103 282 1053 1173 
4 3356 952 1368 1666 
4 2009 4361 807 2118 
4 6316 2809 2623 3000 
4 8839 1722 2214 2901 
4 9779 3524 4182 4296 
4 1861 3710 4045 4991 
4 8477 451 4346 4838 
4 565 9511 5269 5314 
4 4351 3981 4560 6113 
4 2647 4043 5452 5841 
4 6477 8670 6728 7485 
4 6426 5039 7146 7336 
4 8811 5902 8145 9185 
4 5891 6672 7702 102 
4 3443 9325 8623 9909 
4 7119 7879 8904 246 
4 9123 2488 9665 551 
4 9365 836 857 1011 
4 257 6296 929 1309 
4 1340 1257 1739 1879 
4 4259 9907 1573 2287 
4 7629 2151 2618 2677 
4 171 915 2341 3185 
4 1976 2943 3294 3390 
4 5492 3252 3858 4072 
4 7981 1720 3652 4432 
4 8751 8003 4275 4853 
4 1202 4307 4497 5016 
4 1787 301 5243 5312 
4 6415 4903 5119 5626 
4 1344 3028 5414 6116 
4 2162 5933 6327 6408 
4 4357 6221 6736 6898 
4 7489 6469 7114 7312 
4 8947 8548 7054 8074 
4 60 3736 7790 8207 
4 3214 9769 8102 8800 
4 5239 5544 8403 9067 
4 188 1037 8989 9454 
4 4557 9974 9417 9725 
4 8163 9481 2649 126 
4 9363 7344 9953 399 
4 1717 2486 340 1629 
4 750 1041 1945 2250 
4 5330 17 3014 3168 
4 8529 1200 3569 3597 
4 5236 2156 2788 4023 
4 1975 8866 624 5232 
4 1505 1526 4212 4569 
4 6956 1747 4223 6716 
4 5332 2396 3507 5990 
4 6297 5563 5532 6943 
4 7057 1154 4397 7838 
4 1564 3997 7324 7776 
4 321 1429 5411 9141 
4 8651 1178 7955 8999 
4 2776 117 8261 9791 
4 9545 9426 8518 345 
4 4977 197 9587 732 
4 1883 9397 9216 1281 
4 9166 1821 9408 592 
4 4331 1965 1759 2615 
4 3730 3691 941 2960 
4 7439 5683 2073 3397 
4 6188 4292 3514 4615 
4 3120 3055 2896 4382 
4 5529 2221 1356 5402 
4 8431 2737 3238 6115 
4 7647 8524 4778 5647 
4 8990 6738 3764 5520 
4 3579 4038 6298 6598 
4 791 6498 6575 6911 
4 5808 6662 4878 6439 
4 8168 1963 6816 8577 
4 9550 2555 7935 8830 
4 3473 7158 7746 8743 
4 96 9952 8296 9674 
4 1061 5948 9242 9983 
4 2043 7195 8983 1467 
4 8056 9895 8935 354 
4 6042 5151 9857 813 
4 2573 9719 873 1390 
4 7824 1587 705 1715 
4 6273 9507 1780 1823 
4 9271 9048 1193 2430 
4 1673 8516 2830 2867 
4 264 4861 2708 3013 
4 6144 1116 2177 4101 
4 6627 3362 1482 4984 
4 2952 520 4391 5392 
4 3845 5517 5743 5927 
4 773 2309 5525 5659 
4 1889 7983 6847 7006 
4 6742 9626 5087 6218 
4 3306 4410 4765 7269 
4 3834 9852 6532 8018 
4 8625 6443 8175 8281 
4 6309 480 7294 8060 
4 5553 556 7520 9705 
4 8487 5061 8690 9163 
4 9572 7432 8349 212 
4 407 8247 787 1034 
4 3137 7752 6340 460 
4 4367 1681 9033 2434 
4 6336 4079 1779 2559 
4 4600 5278 1419 1659 
4 1810 4857 2487 2501 
4 730 7740 9802 2682 
4 7567 1943 3814 4785 
4 5864 5998 4071 5490 
4 2612 6102 4362 5707 
4 5610 5879 4204 6047 
4 3673 8673 5154 6601 
4 1228 9880 7141 7205 
4 8183 8707 6893 7482 
4 3791 7041 6385 7012 
4 2353 8172 7560 7767 
4 5308 206 8341 8480 
4 6384 8527 7331 9757 
4 9843 8683 7926 9315 
4 9718 3857 8072 9515 
4 9549 4124 7731 7425 
4 3278 9450 8176 9210 
4 4573 4661 5474 3203 
4 9265 3037 100 584 
4 9871 5644 9062 445 
4 5476 5503 231 501 
4 5170 8044 710 1246 
4 1483 2091 9919 1997 
4 432 4650 790 2189 
4 8297 404 6203 2113 
4 4527 2836 1657 2616 
4 2000 1234 6557 3163 
4 4706 6577 7037 2438 
4 7118 10 3113 3468 
4 8453 8466 2081 4268 
4 4607 6364 4210 4779 
4 5207 1866 3650 4336 
4 6146 4066 4947 5827 
4 7103 6149 5721 5564 
4 6981 5803 5711 5775 
4 6110 6215 6346 6437 
4 995 464 7188 7598 
4 7696 7678 7993 6861 
4 3728 1994 6317 6951 
4 3508 5487 7747 8051 
4 1224 8931 8182 8656 
4 7618 6721 8448 8488 
4 7319 6231 8909 9001 
4 7603 9597 7888 6486 
4 6370 6396 8799 9739 
4 5197 4091 6659 9268 
4 5633 8845 6022 9716 
4 3132 8432 7480 5208 
4 2765 648 3983 9699 
4 7975 1181 5368 4534 
4 3966 3749 6873 8401 
4 9016 3422 2467 1475 
4 4611 7219 6576 2514 
4 7230 1952 6811 4221 
4 2874 5461 3412 3370 
4 2877 846 9373 599 
4 8929 9588 474 951 
4 8750 5044 204 879 
4 9908 2020 9937 1397 
4 2939 7841 1710 1863 
4 4786 1884 2954 2093 
4 5785 8692 1914 2403 
4 1684 8328 4790 2742 
4 9359 6205 2284 3166 
4 137 3050 2710 2995 
4 8874 7105 3548 3767 
4 4975 1129 3900 4073 
4 2798 1570 3661 4751 
4 2627 9286 4261 5326 
4 1261 1735 2025 4974 
4 9197 3104 3609 3989 
4 5547 6731 5623 6997 
4 1712 8606 4626 6292 
4 3544 6389 7234 7563 
4 172 4170 5955 7947 
4 970 6052 6214 7846 
4 4946 9730 8178 9071 
4 5941 5035 1347 8369 
4 3895 290 6490 7586 
4 7956 1174 9855 5168 
4 5355 7419 5166 2210 
4 2887 4639 1100 3052 
4 9332 5191 6137 9564 
4 7386 7509 9721 842 
4 4992 8143 6964 739 
4 5732 2891 4291 5106 
4 9390 9675 4206 7859 
4 947 2343 8383 7632 
4 9922 4412 5869 9993 
4 9971 5451 6051 343 
4 1908 9891 4069 615 
4 1546 7471 8543 3318 
4 3596 6280 9398 1869 
4 4057 1886 1688 4787 
4 2600 164 8885 166 
4 1726 2461 9801 90 
4 6965 2106 7519 1051 
4 7255 9776 6478 647 
4 5378 87 2198 852 
4 529 4627 9657 1643 
4 7215 178 1125 1446 
4 6715 6350 1991 2119 
4 4604 1122 2534 2768 
4 738 9121 2374 2625 
4 9350 7499 2414 3231 
4 4663 7777 5882 3351 
4 8714 4093 5896 2880 
4 3746 5627 4168 4366 
4 525 6849 1044 3998 
4 2716 6289 3352 4805 
4 5271 1827 4476 4587 
4 1197 2766 8028 4970 
4 6583 4064 5920 5445 
4 6540 151 3726 5089 
4 5325 4555 4823 5667 
4 7149 6984 9192 5506 
4 7624 1159 9015 6502 
4 7558 8198 6152 6362 
4 4491 142 4215 6896 
4 1648 6365 8413 6717 
4 9182 3608 8262 8339 
4 2804 3595 3939 7366 
4 4230 6680 7497 7940 
4 9135 1825 1426 8414 
4 5013 7375 7714 8869 
4 8824 2125 6302 8926 
4 8161 1010 9561 9697 
4 3276 7151 1400 9466 
4 1507 471 5164 9227 
4 7310 5255 9035 1807 
4 4375 8376 37 7532 
4 4720 149 6574 5443 
4 8035 8019 673 2164 
4 97 2074 740 4078 
4 6960 978 6452 5950 
4 2462 2134 9075 6563 
4 2661 2786 402 6291 
4 5240 3563 8252 293 
4 1012 3809 6121 414 
4 2398 9703 9752 2898 
4 3802 8241 8663 4155 
4 6703 9530 6127 5161 
4 3212 7206 7430 4922 
4 9091 3011 9887 937 
4 4400 8093 4723 9524 
4 4506 5336 5086 4662 
4 6827 5457 9573 7252 
4 6637 8562 6809 8456 
4 5657 6522 1980 568 
4 622 8894 7592 1650 
4 5482 4777 5128 1286 
4 9828 5756 5606 3161 
4 6228 2783 6922 3838 
4 2702 8696 9935 6244 
4 9519 2713 2207 444 
4 8648 3914 6229 2668 
4 2601 6492 8097 3431 
4 4736 6175 3123 7197 
4 9486 1259 1538 8498 
4 131 3956 4488 7813 
4 8919 9086 2741 9543 
4 4000 136 7971 1514 
4 8643 4855 6005 1031 
4 7924 1750 6972 1118 
4 57 7496 4747 5401 
4 5094 2490 8043 675 
4 1595 5020 4228 1891 
4 9009 8766 9678 2442 
4 708 4456 6824 4892 
4 7751 955 7614 8355 
4 6506 7078 7395 8952 
4 8609 7413 6676 317 
4 5056 3239 8277 679 
4 2872 2999 9241 548 
4 7346 3891 1296 1242 
4 597 1562 8710 1921 
4 3677 1056 6466 969 
4 9471 6193 7036 1816 
4 4671 898 5584 2135 
4 1856 2854 2193 2478 
4 9499 7875 602 2322 
4 1393 147 7877 3182 
4 8578 1888 7727 3986 
4 3527 1260 1529 3604 
4 4792 7526 4982 3010 
4 1819 8537 4771 4401 
4 8434 9326 3323 4029 
4 9276 4875 6258 5318 
4 4054 3980 3553 4909 
4 8684 7406 1616 4815 
4 5981 5371 1640 6001 
4 2705 9368 7116 5502 
4 1718 6794 9820 6449 
4 9407 7594 6238 7161 
4 7734 7610 6903 6165 
4 4725 3906 170 6978 
4 4774 3136 1276 7437 
4 6628 1723 9656 7282 
4 9761 6366 6761 7874 
4 540 3582 6726 8482 
4 3945 9143 3822 8630 
4 4636 3912 8088 9202 
4 9376 4381 889 8976 
4 9896 3498 4286 8589 
4 1282 2254 3105 9335 
4 7003 7382 613 8802 
4 1339 1471 8804 9683 
4 1598 1422 7970 9756 
4 1332 8597 8571 9924 
4 6003 24 7490 5059 
4 7457 1279 7850 4713 
4 7666 7906 2671 5199 
4 33 2381 4839 6822 
4 9274 9280 4001 6693 
4 4311 9157 4856 6962 
4 8426 5422 7653 8727 
4 5947 5763 152 3099 
4 4399 6944 9540 459 
4 2907 8889 6585 4605 
4 7770 2148 6332 4164 
4 6361 32 4942 6093 
4 4750 2358 9680 8177 
4 1930 5531 8160 30 
4 70 9538 458 2328 
4 4773 6076 5066 4407 
4 8031 234 500 9655 
4 221 2028 1502 1951 
4 5631 953 6952 2402 
4 3930 4501 1027 1806 
4 9299 3681 6315 8382 
4 4047 1586 3246 9181 
4 4248 2608 9094 94 
4 8986 1084 6270 9624 
4 1411 1840 456 3355 
4 2062 7555 462 5831 
4 909 9606 640 6398 
4 635 512 8180 6851 
4 5724 5615 2307 6727 
4 3515 4267 6510 8108 
4 5233 5850 2303 2220 
4 1270 2002 8212 2046 
4 2242 76 7804 4325 
4 20 6095 5387 6078 
4 9105 4328 6920 7665 
4 8196 8027 4554 8753 
4 7013 7221 4708 473 
4 1959 4567 2388 1288 
4 2570 6126 5077 7899 
4 5346 6740 6600 2582 
4 39 6264 825 5505 
4 5362 9836 802 5944 
4 5467 1382 3449 8372 
4 1371 4099 2533 516 
4 4246 9830 9692 9859 
4 9313 9458 5641 9613 
4 7674 6959 2859 2105 
4 3570 1669 5019 1774 
4 4640 8519 7812 3506 
4 9173 5954 3311 1137 
4 9456 7943 1369 5140 
4 5522 8746 4502 3884 
4 1165 9957 3396 3664 
4 4482 7190 5323 5621 
4 8977 9028 34 7815 
4 7357 4339 793 6990 
4 6112 1768 6097 2754 
4 4452 6184 1796 4312 
4 1793 4537 8981 3933 
4 5098 3078 2294 3281 
4 3547 7600 4694 8994 
4 7356 6778 1649 543 
4 6988 3704 7785 488 
4 9988 4202 7881 913 
4 7534 9726 7917 1232 
4 9468 1512 3153 1680 
4 8954 8325 1843 1486 
4 737 8679 3235 2387 
4 2277 6700 8734 2099 
4 5901 3188 8632 2868 
4 3811 8752 9269 2894 
4 7010 4514 3121 3180 
4 3322 2367 7960 2606 
4 8238 3991 2469 3733 
4 9996 9633 430 3264 
4 313 2983 4188 3067 
4 5813 1535 3347 3770 
4 3641 2672 3651 4624 
4 8863 8336 6311 4302 
4 8801 5198 2632 4849 
4 433 2337 8037 5248 
4 5496 530 8815 5114 
4 2578 8137 7423 4744 
4 4958 2329 3344 5334 
4 7170 956 6450 5500 
4 4858 8215 644 6555 
4 2595 8568 7410 5572 
4 6844 4238 4596 5805 
4 6915 9114 7697 6879 
4 2297 3364 3679 7428 
4 2956 9394 5959 7562 
4 2144 3951 477 7867 
4 9838 168 2304 6908 
4 6818 2169 6664 7582 
4 1161 2059 6699 8234 
4 9659 2685 9149 8790 
4 305 2527 3482 8352 
4 3903 5951 3902 8484 
4 467 4811 3621 9653 
4 2751 16 5834 9389 
4 7085 7460 1653 9134 
4 2019 2799 6210 9531 
4 7828 8235 6711 2390 
4 143 1849 558 5268 
4 8756 2466 7634 6581 
4 3125 9085 5400 9679 
4 8289 185 9073 381 
4 9496 4623 5237 2417 
4 3747 7761 1978 4394 
4 7247 3615 7121 5523 
4 9003 7491 1170 4818 
4 7315 6304 6560 8084 
4 6430 4898 8808 2444 
4 5460 5276 9029 1783 
4 6612 2264 9260 3888 
4 7805 1266 796 3491 
4 22 3265 5134 3131 
4 9948 6063 6035 5246 
4 1656 2268 9194 6261 
4 1532 8965 7237 8049 
4 2549 6697 828 845 
4 6118 1110 6899 6517 
4 3773 3332 8388 7684 
4 7559 1618 9002 8618 
4 3097 3578 6831 2065 
4 4217 7931 8316 1801 
4 9844 6096 3965 2554 
4 1404 2068 4910 3744 
4 2775 4630 8987 6180 
4 906 1480 1172 8165 
4 4489 1212 5234 1904 
4 7117 8793 6373 3862 
4 3442 5966 1646 8665 
4 2731 5398 7388 545 
4 1665 3300 3312 2326 
4 6953 5586 5104 1716 
4 3824 225 9771 3124 
4 5800 9603 2781 3411 
4 3782 4136 7400 4544 
4 8716 8759 3584 5481 
4 7903 4487 5313 8638 
4 9534 3445 5370 9754 
4 5770 2750 7925 9941 
4 5903 6595 219 2560 
4 1221 6586 1292 2087 
4 292 1299 3424 3807 
4 990 7898 7289 7902 
4 9660 4529 6405 9356 
4 5599 771 4669 1120 
4 651 4894 7110 2022 
4 9901 217 610 2835 
4 1867 4193 9575 4163 
4 3947 7672 7043 3115 
4 6472 1835 2199 3941 
4 9156 2057 6958 4553 
4 5511 8015 5122 7134 
4 316 4842 6331 8853 
4 2464 3076 163 330 
4 9846 977 8525 454 
4 1928 8842 6497 397 
4 207 6307 7096 497 
4 894 1469 7274 707 
4 2480 157 7962 843 
4 7608 9140 241 1126 
4 8732 1331 1239 1674 
4 691 3313 1425 2031 
4 5429 2004 2187 2338 
4 8709 2053 2654 2777 
4 9860 2524 3036 3103 
4 2822 3659 3872 3974 
4 3456 4395 4460 4862 
4 4003 5605 5737 5780 
4 5288 5858 6515 6768 
4 5846 7325 7720 7930 
4 7073 8285 8544 8723 
4 8025 9707 92 420 
4 9170 770 817 1262 
4 701 1387 1566 1736 
4 1363 2048 2217 2258 
4 1842 2609 2971 2989 
4 2404 3285 3378 3551 
4 3206 3850 3962 4265 
